0.978611,0,-0.205721,0,0,1,0,0,0.205721,0,0.978611,0,1.06191,0,8.06202,1|
0.988349,0,0.152206,0,0,1,0,0,-0.152206,0,0.988349,0,1.60783,0,12.4346,1|
0.998888,0,-0.0471825,0,0,1,0,0,0.0471825,0,0.998888,0,1.83243,0,15.7077,1|
0.998888,0,-0.0471825,0,0,1,0,0,0.0471825,0,0.998888,0,1.9183,0,17.5257,1|
0.892835,0,-0.450389,0,0,1,0,0,0.450389,0,0.892835,0,1.9183,0,17.5257,1|
0.881015,0,0.473096,0,0,1,0,0,-0.473096,0,0.881015,0,1.9183,0,17.5257,1|
0.843413,0,-0.537275,0,0,1,0,0,0.537275,0,0.843413,0,1.9183,0,17.5257,1|
0.794391,0,0.607417,0,0,1,0,0,-0.607417,0,0.794391,0,1.9183,0,17.5257,1|
